EXPERIMENT 3 - VIDEO ONLY EVALUATION REPORT
===========================================

PROMPT_TEMPLATE_VERSION: video_only_strict_v3
EMPTY_RAW_OUTPUT_TOKEN: [[EMPTY_OUTPUT]]

GLOBAL PERFORMANCE
------------------
 scope  total_examples  valid_answers  invalid_answers  empty_answers  correct_answers  overall_accuracy  valid_only_accuracy  precision_label_0  recall_label_0  f1_label_0  precision_label_1  recall_label_1  f1_label_1  true_0_pred_0  true_0_pred_1  true_1_pred_0  true_1_pred_1
GLOBAL           19200          19200                0              0            15551            0.8099               0.8099             0.8375          0.7669      0.8006             0.7869          0.8526      0.8184           7327           2227           1422           8224

GLOBAL CONFUSION MATRIX
-----------------------
        pred_0  pred_1
true_0    7327    2227
true_1    1422    8224

PER NORMALIZED QUESTION CATEGORY
--------------------------------
normalized_question_category  total_examples  valid_answers  invalid_answers  empty_answers  correct_answers  overall_accuracy  valid_only_accuracy  precision_label_0  recall_label_0  f1_label_0  precision_label_1  recall_label_1  f1_label_1  true_0_pred_0  true_0_pred_1  true_1_pred_0  true_1_pred_1
            CausaleEsplicita             800            800                0              0              700            0.8750               0.8750             0.8953          0.8398      0.8667             0.8581          0.9080      0.8824            325             62             38            375
            CausaleImplicita             800            800                0              0              710            0.8875               0.8875             0.9153          0.8564      0.8849             0.8626          0.9192      0.8900            346             58             32            364
              Controfattuale            1600           1600                0              0             1103            0.6894               0.6894             0.7842          0.5445      0.6427             0.6369          0.8421      0.7253            447            374            123            656
           ImplicitoParziale            1600           1600                0              0             1242            0.7762               0.7762             0.7633          0.8050      0.7836             0.7909          0.7472      0.7684            648            157            201            594
                ImplicitoTot            1600           1600                0              0             1337            0.8356               0.8356             0.8244          0.8636      0.8435             0.8486          0.8062      0.8269            709            112            151            628
                  Incertezza            1600           1600                0              0             1468            0.9175               0.9175             0.9306          0.8878      0.9087             0.9072          0.9430      0.9247            657             83             49            811
                  OutofScope            1600           1600                0              0             1476            0.9225               0.9225             0.9151          0.9246      0.9198             0.9295          0.9206      0.9250            711             58             66            765
              Pianificazione            1600           1600                0              0             1210            0.7562               0.7562             0.7812          0.7299      0.7547             0.7332          0.7841      0.7578            600            222            168            610
                   Sentiment            1600           1600                0              0             1389            0.8681               0.8681             0.8517          0.8930      0.8719             0.8864          0.8430      0.8641            718             86            125            671
            SpazialeParziale            1600           1600                0              0             1151            0.7194               0.7194             0.8050          0.5899      0.6809             0.6687          0.8528      0.7496            479            333            116            672
              SpazialeTotale            1600           1600                0              0             1413            0.8831               0.8831             0.9287          0.8261      0.8744             0.8476          0.9384      0.8907            651            137             50            762
             TemporaleDurata            1600           1600                0              0             1149            0.7181               0.7181             0.7528          0.6630      0.7050             0.6900          0.7751      0.7301            539            274            177            610
           TemporaleParziale            1600           1600                0              0             1203            0.7519               0.7519             0.7978          0.6471      0.7146             0.7226          0.8486      0.7805            497            271            126            706

PER NORMALIZED QUESTION CATEGORY CONFUSION
------------------------------------------
normalized_question_category  true_0_pred_0  true_0_pred_1  true_1_pred_0  true_1_pred_1
            CausaleEsplicita            325             62             38            375
            CausaleImplicita            346             58             32            364
              Controfattuale            447            374            123            656
           ImplicitoParziale            648            157            201            594
                ImplicitoTot            709            112            151            628
                  Incertezza            657             83             49            811
                  OutofScope            711             58             66            765
              Pianificazione            600            222            168            610
                   Sentiment            718             86            125            671
            SpazialeParziale            479            333            116            672
              SpazialeTotale            651            137             50            762
             TemporaleDurata            539            274            177            610
           TemporaleParziale            497            271            126            706

PER VIDEO PERFORMANCE
---------------------
video_id  total_examples  valid_answers  invalid_answers  empty_answers  correct_answers  overall_accuracy  valid_only_accuracy  precision_label_0  recall_label_0  f1_label_0  precision_label_1  recall_label_1  f1_label_1  true_0_pred_0  true_0_pred_1  true_1_pred_0  true_1_pred_1
  Video1             192            192                0              0              148            0.7708               0.7708             0.7473          0.7640      0.7556             0.7921          0.7767      0.7843             68             21             23             80
  Video2             192            192                0              0              151            0.7865               0.7865             0.8171          0.7204      0.7657             0.7636          0.8485      0.8038             67             26             15             84
  Video3             192            192                0              0              155            0.8073               0.8073             0.9195          0.7273      0.8122             0.7143          0.9146      0.8021             80             30              7             75
  Video4             192            192                0              0              151            0.7865               0.7865             0.7979          0.7732      0.7853             0.7755          0.8000      0.7876             75             22             19             76
  Video5             192            192                0              0              162            0.8438               0.8438             0.8763          0.8252      0.8500             0.8105          0.8652      0.8370             85             18             12             77
  Video6             192            192                0              0              160            0.8333               0.8333             0.8605          0.7872      0.8222             0.8113          0.8776      0.8431             74             20             12             86
  Video7             192            192                0              0              159            0.8281               0.8281             0.8642          0.7609      0.8092             0.8018          0.8900      0.8436             70             22             11             89
  Video8             192            192                0              0              161            0.8385               0.8385             0.9398          0.7500      0.8342             0.7615          0.9432      0.8426             78             26              5             83
  Video9             192            192                0              0              136            0.7083               0.7083             0.7841          0.6509      0.7113             0.6442          0.7791      0.7053             69             37             19             67
 Video10             192            192                0              0              157            0.8177               0.8177             0.8352          0.7917      0.8128             0.8020          0.8438      0.8223             76             20             15             81
 Video11             192            192                0              0              155            0.8073               0.8073             0.8471          0.7500      0.7956             0.7757          0.8646      0.8177             72             24             13             83
 Video12             192            192                0              0              156            0.8125               0.8125             0.8571          0.7500      0.8000             0.7778          0.8750      0.8235             72             24             12             84
 Video13             192            192                0              0              145            0.7552               0.7552             0.8690          0.6697      0.7565             0.6667          0.8675      0.7539             73             36             11             72
 Video14             192            192                0              0              141            0.7344               0.7344             0.7172          0.7553      0.7358             0.7527          0.7143      0.7330             71             23             28             70
 Video15             192            192                0              0              157            0.8177               0.8177             0.8090          0.8000      0.8045             0.8252          0.8333      0.8293             72             18             17             85
 Video16             192            192                0              0              161            0.8385               0.8385             0.8571          0.7407      0.7947             0.8279          0.9099      0.8670             60             21             10            101
 Video17             192            192                0              0              141            0.7344               0.7344             0.8068          0.6762      0.7358             0.6731          0.8046      0.7330             71             34             17             70
 Video18             192            192                0              0              146            0.7604               0.7604             0.8592          0.6289      0.7262             0.7025          0.8947      0.7870             61             36             10             85
 Video19             192            192                0              0              173            0.9010               0.9010             0.8810          0.8916      0.8862             0.9167          0.9083      0.9124             74              9             10             99
 Video20             192            192                0              0              150            0.7812               0.7812             0.8701          0.6768      0.7614             0.7217          0.8925      0.7981             67             32             10             83
 Video21             192            192                0              0              153            0.7969               0.7969             0.7692          0.7407      0.7547             0.8158          0.8378      0.8267             60             21             18             93
 Video22             192            192                0              0              152            0.7917               0.7917             0.7750          0.7381      0.7561             0.8036          0.8333      0.8182             62             22             18             90
 Video23             192            192                0              0              158            0.8229               0.8229             0.7935          0.8295      0.8111             0.8500          0.8173      0.8333             73             15             19             85
 Video24             192            192                0              0              153            0.7969               0.7969             0.8409          0.7475      0.7914             0.7596          0.8495      0.8020             74             25             14             79
 Video25             192            192                0              0              159            0.8281               0.8281             0.7935          0.8391      0.8156             0.8600          0.8190      0.8390             73             14             19             86
 Video26             192            192                0              0              161            0.8385               0.8385             0.8500          0.8416      0.8458             0.8261          0.8352      0.8306             85             16             15             76
 Video27             192            192                0              0              161            0.8385               0.8385             0.8721          0.7895      0.8287             0.8113          0.8866      0.8473             75             20             11             86
 Video28             192            192                0              0              154            0.8021               0.8021             0.8171          0.7444      0.7791             0.7909          0.8529      0.8208             67             23             15             87
 Video29             192            192                0              0              152            0.7917               0.7917             0.8315          0.7475      0.7872             0.7573          0.8387      0.7959             74             25             15             78
 Video30             192            192                0              0              155            0.8073               0.8073             0.8395          0.7391      0.7861             0.7838          0.8700      0.8246             68             24             13             87
 Video31             192            192                0              0              154            0.8021               0.8021             0.8312          0.7191      0.7711             0.7826          0.8738      0.8257             64             25             13             90
 Video32             192            192                0              0              160            0.8333               0.8333             0.8444          0.8085      0.8261             0.8235          0.8571      0.8400             76             18             14             84
 Video33             192            192                0              0              155            0.8073               0.8073             0.8415          0.7419      0.7886             0.7818          0.8687      0.8230             69             24             13             86
 Video34             192            192                0              0              152            0.7917               0.7917             0.7708          0.8043      0.7872             0.8125          0.7800      0.7959             74             18             22             78
 Video35             192            192                0              0              155            0.8073               0.8073             0.8133          0.7262      0.7673             0.8034          0.8704      0.8356             61             23             14             94
 Video36             192            192                0              0              139            0.7240               0.7240             0.7701          0.6700      0.7166             0.6857          0.7826      0.7310             67             33             20             72
 Video37             192            192                0              0              157            0.8177               0.8177             0.8316          0.8061      0.8187             0.8041          0.8298      0.8168             79             19             16             78
 Video38             192            192                0              0              152            0.7917               0.7917             0.7750          0.7381      0.7561             0.8036          0.8333      0.8182             62             22             18             90
 Video39             192            192                0              0              149            0.7760               0.7760             0.7835          0.7755      0.7795             0.7684          0.7766      0.7725             76             22             21             73
 Video40             192            192                0              0              157            0.8177               0.8177             0.8889          0.7619      0.8205             0.7549          0.8851      0.8148             80             25             10             77
 Video41             192            192                0              0              146            0.7604               0.7604             0.7867          0.6629      0.7195             0.7436          0.8447      0.7909             59             30             16             87
 Video42             192            192                0              0              146            0.7604               0.7604             0.8611          0.6327      0.7294             0.7000          0.8936      0.7850             62             36             10             84
 Video43             192            192                0              0              155            0.8073               0.8073             0.8854          0.7658      0.8213             0.7292          0.8642      0.7910             85             26             11             70
 Video44             192            192                0              0              165            0.8594               0.8594             0.8617          0.8526      0.8571             0.8571          0.8660      0.8615             81             14             13             84
 Video45             192            192                0              0              163            0.8490               0.8490             0.8614          0.8529      0.8571             0.8352          0.8444      0.8398             87             15             14             76
 Video46             192            192                0              0              154            0.8021               0.8021             0.8211          0.7879      0.8041             0.7835          0.8172      0.8000             78             21             17             76
 Video47             192            192                0              0              143            0.7448               0.7448             0.7619          0.6882      0.7232             0.7315          0.7980      0.7633             64             29             20             79
 Video48             192            192                0              0              154            0.8021               0.8021             0.7952          0.7586      0.7765             0.8073          0.8381      0.8224             66             21             17             88
 Video49             192            192                0              0              168            0.8750               0.8750             0.8333          0.9091      0.8696             0.9167          0.8462      0.8800             80              8             16             88
 Video50             192            192                0              0              172            0.8958               0.8958             0.8778          0.8977      0.8876             0.9118          0.8942      0.9029             79              9             11             93
 Video51             192            192                0              0              163            0.8490               0.8490             0.8810          0.7957      0.8362             0.8241          0.8990      0.8599             74             19             10             89
 Video52             192            192                0              0              152            0.7917               0.7917             0.8161          0.7474      0.7802             0.7714          0.8351      0.8020             71             24             16             81
 Video53             192            192                0              0              146            0.7604               0.7604             0.7732          0.7576      0.7653             0.7474          0.7634      0.7553             75             24             22             71
 Video54             192            192                0              0              152            0.7917               0.7917             0.8289          0.7000      0.7590             0.7672          0.8725      0.8165             63             27             13             89
 Video55             192            192                0              0              162            0.8438               0.8438             0.8478          0.8298      0.8387             0.8400          0.8571      0.8485             78             16             14             84
 Video56             192            192                0              0              163            0.8490               0.8490             0.8929          0.7895      0.8380             0.8148          0.9072      0.8585             75             20              9             88
 Video57             192            192                0              0              167            0.8698               0.8698             0.8587          0.8681      0.8634             0.8800          0.8713      0.8756             79             12             13             88
 Video58             192            192                0              0              159            0.8281               0.8281             0.7957          0.8409      0.8177             0.8586          0.8173      0.8374             74             14             19             85
 Video59             192            192                0              0              158            0.8229               0.8229             0.9053          0.7748      0.8350             0.7423          0.8889      0.8090             86             25              9             72
 Video60             192            192                0              0              147            0.7656               0.7656             0.7732          0.7653      0.7692             0.7579          0.7660      0.7619             75             23             22             72
 Video61             192            192                0              0              157            0.8177               0.8177             0.8515          0.8113      0.8309             0.7802          0.8256      0.8023             86             20             15             71
 Video62             192            192                0              0              147            0.7656               0.7656             0.7792          0.6818      0.7273             0.7565          0.8365      0.7945             60             28             17             87
 Video63             192            192                0              0              148            0.7708               0.7708             0.8052          0.6813      0.7381             0.7478          0.8515      0.7963             62             29             15             86
 Video64             192            192                0              0              156            0.8125               0.8125             0.8471          0.7579      0.8000             0.7850          0.8660      0.8235             72             23             13             84
 Video65             192            192                0              0              166            0.8646               0.8646             0.8434          0.8434      0.8434             0.8807          0.8807      0.8807             70             13             13             96
 Video66             192            192                0              0              160            0.8333               0.8333             0.8571          0.7826      0.8182             0.8148          0.8800      0.8462             72             20             12             88
 Video67             192            192                0              0              150            0.7812               0.7812             0.7857          0.7857      0.7857             0.7766          0.7766      0.7766             77             21             21             73
 Video68             192            192                0              0              159            0.8281               0.8281             0.8588          0.7766      0.8156             0.8037          0.8776      0.8390             73             21             12             86
 Video69             192            192                0              0              166            0.8646               0.8646             0.8608          0.8193      0.8395             0.8673          0.8991      0.8829             68             15             11             98
 Video70             192            192                0              0              161            0.8385               0.8385             0.8780          0.7742      0.8229             0.8091          0.8990      0.8517             72             21             10             89
 Video71             192            192                0              0              153            0.7969               0.7969             0.8370          0.7624      0.7979             0.7600          0.8352      0.7958             77             24             15             76
 Video72             192            192                0              0              160            0.8333               0.8333             0.8687          0.8190      0.8431             0.7957          0.8506      0.8222             86             19             13             74
 Video73             192            192                0              0              150            0.7812               0.7812             0.7625          0.7262      0.7439             0.7946          0.8241      0.8091             61             23             19             89
 Video74             192            192                0              0              151            0.7865               0.7865             0.8718          0.6869      0.7684             0.7281          0.8925      0.8019             68             31             10             83
 Video75             192            192                0              0              164            0.8542               0.8542             0.8989          0.8081      0.8511             0.8155          0.9032      0.8571             80             19              9             84
 Video76             192            192                0              0              154            0.8021               0.8021             0.8315          0.7629      0.7957             0.7767          0.8421      0.8081             74             23             15             80
 Video77             192            192                0              0              167            0.8698               0.8698             0.8707          0.9099      0.8899             0.8684          0.8148      0.8408            101             10             15             66
 Video78             192            192                0              0              162            0.8438               0.8438             0.8902          0.7766      0.8295             0.8091          0.9082      0.8558             73             21              9             89
 Video79             192            192                0              0              147            0.7656               0.7656             0.7333          0.7586      0.7458             0.7941          0.7714      0.7826             66             21             24             81
 Video80             192            192                0              0              148            0.7708               0.7708             0.7727          0.7391      0.7556             0.7692          0.8000      0.7843             68             24             20             80
 Video81             192            192                0              0              143            0.7448               0.7448             0.7397          0.6429      0.6879             0.7479          0.8241      0.7841             54             30             19             89
 Video82             192            192                0              0              159            0.8281               0.8281             0.8675          0.7660      0.8136             0.7982          0.8878      0.8406             72             22             11             87
 Video83             192            192                0              0              163            0.8490               0.8490             0.9111          0.7961      0.8497             0.7941          0.9101      0.8482             82             21              8             81
 Video84             192            192                0              0              142            0.7396               0.7396             0.8202          0.6822      0.7449             0.6699          0.8118      0.7340             73             34             16             69
 Video85             192            192                0              0              157            0.8177               0.8177             0.8367          0.8119      0.8241             0.7979          0.8242      0.8108             82             19             16             75
 Video86             192            192                0              0              169            0.8802               0.8802             0.8854          0.8763      0.8808             0.8750          0.8842      0.8796             85             12             11             84
 Video87             192            192                0              0              153            0.7969               0.7969             0.8229          0.7822      0.8020             0.7708          0.8132      0.7914             79             22             17             74
 Video88             192            192                0              0              155            0.8073               0.8073             0.8511          0.7767      0.8122             0.7653          0.8427      0.8021             80             23             14             75
 Video89             192            192                0              0              158            0.8229               0.8229             0.8750          0.7700      0.8191             0.7788          0.8804      0.8265             77             23             11             81
 Video90             192            192                0              0              155            0.8073               0.8073             0.8864          0.7429      0.8083             0.7404          0.8851      0.8063             78             27             10             77
 Video91             192            192                0              0              156            0.8125               0.8125             0.8125          0.8585      0.8349             0.8125          0.7558      0.7831             91             15             21             65
 Video92             192            192                0              0              159            0.8281               0.8281             0.8889          0.7767      0.8290             0.7745          0.8876      0.8272             80             23             10             79
 Video93             192            192                0              0              158            0.8229               0.8229             0.8500          0.8173      0.8333             0.7935          0.8295      0.8111             85             19             15             73
 Video94             192            192                0              0              165            0.8594               0.8594             0.9157          0.7917      0.8492             0.8165          0.9271      0.8683             76             20              7             89
 Video95             192            192                0              0              165            0.8594               0.8594             0.8941          0.8085      0.8492             0.8318          0.9082      0.8683             76             18              9             89
 Video96             192            192                0              0              151            0.7865               0.7865             0.8272          0.7128      0.7657             0.7568          0.8571      0.8038             67             27             14             84
 Video97             192            192                0              0              161            0.8385               0.8385             0.8734          0.7667      0.8166             0.8142          0.9020      0.8558             69             21             10             92
 Video98             192            192                0              0              157            0.8177               0.8177             0.9231          0.7129      0.8045             0.7456          0.9341      0.8293             72             29              6             85
 Video99             192            192                0              0              159            0.8281               0.8281             0.8904          0.7222      0.7975             0.7899          0.9216      0.8507             65             25              8             94
Video100             192            192                0              0              152            0.7917               0.7917             0.8295          0.7449      0.7849             0.7596          0.8404      0.7980             73             25             15             79